
TABLE 1

Industrial Production:  Market and Industry Groups
------------------------------------------------------------------------------------------------------------------------------------------------------------------------------------------------------------------------------------------------------------------------------
                                                                                                   Value added in 2022           Value added in 2017           Value added in 2012           Value added in 2007           Value added in 2002           Value added in 1997

                                                                                                  Millions                      Millions                      Millions                      Millions                      Millions                      Millions
Group and Series                                              IP Code         NAICS              of dollars   Proportion       of dollars   Proportion       of dollars   Proportion       of dollars   Proportion       of dollars   Proportion       of dollars   Proportion
------------------------------------------------------------------------------------------------------------------------------------------------------------------------------------------------------------------------------------------------------------------------------
Total index                                                   B50001                              4,258,456     100.00          3,305,576     100.00          3,368,811     100.00          3,243,110     100.00          2,397,016     100.00          2,253,942     100.00
 Final products and nonindustrial supplies                    B50030                              2,296,403      53.93          1,913,658      57.89          1,772,351      52.61          1,830,326      56.44          1,415,976      59.07          1,271,629      56.42
  Consumer goods                                              B51000                              1,147,976      26.96            929,404      28.12            839,839      24.93            893,576      27.55            730,524      30.48            607,524      26.95
   Durable consumer goods                                     B51100                                256,972       6.03            206,249       6.24            168,259       4.99            214,091       6.60            208,366       8.69            172,373       7.65
    Automotive products                                       B51110                                147,280       3.46            116,936       3.54             85,589       2.54            104,169       3.21            106,299       4.43             81,789       3.63
    Computers, video and audio equipment                      B51121                                  5,965       0.14              4,940       0.15              6,003       0.18             12,848       0.40              9,902       0.41              9,197       0.41
    Appliances, furniture, and carpeting                      B51122                                 34,957       0.82             28,054       0.85             25,387       0.75             34,584       1.07             35,105       1.46             30,781       1.37
    Miscellaneous durable goods                               B51123                                 68,770       1.61             56,320       1.70             51,281       1.52             62,491       1.93             57,060       2.38             50,606       2.25
   Nondurable consumer goods                                  B51200                                891,004      20.92            723,154      21.88            671,580      19.94            679,485      20.95            522,159      21.78            435,151      19.31
    Nondurable nonenergy consumer goods                       B51210                                640,854      15.05            556,089      16.82            502,043      14.90            523,865      16.15            442,788      18.47            363,344      16.12
     Foods and tobacco                                        B51211                                396,401       9.31            325,156       9.84            278,850       8.28            266,434       8.22            226,534       9.45            187,461       8.32
     Clothing                                                 B51212                                  7,598       0.18              7,177       0.22              8,377       0.25             13,731       0.42             19,284       0.80             36,095       1.60
     Chemical products                                        B51213                                178,570       4.19            166,347       5.03            157,630       4.68            170,293       5.25            124,881       5.21             81,705       3.62
     Paper products                                           B51214                                 42,704       1.00             43,169       1.31             42,350       1.26             58,373       1.80             59,425       2.48             48,381       2.15
    Consumer energy products                                  B51220                                250,150       5.87            167,066       5.05            169,537       5.03            155,620       4.80             79,371       3.31             71,807       3.19
  Business equipment                                          B52100                                351,592       8.26            341,178      10.32            328,965       9.77            325,334      10.03            253,584      10.58            272,164      12.08
   Transit equipment                                          B52110                                 73,764       1.73            103,936       3.14             71,104       2.11             69,252       2.14             49,952       2.08             50,200       2.23
   Information processing and related equipment               B52120                                 78,879       1.85             71,117       2.15             73,217       2.17             92,901       2.86             76,620       3.20             94,216       4.18
   Industrial and other equipment                             B52130                                198,949       4.67            166,126       5.03            184,644       5.48            163,181       5.03            127,012       5.30            127,748       5.67
  Defense and space equipment                                 B52300                                 61,002       1.43             68,993       2.09             76,949       2.28             65,061       2.01             37,535       1.57             40,045       1.78
  Construction supplies                                       B54100                                250,908       5.89            177,530       5.37            124,032       3.68            168,781       5.20            119,777       5.00             93,275       4.14
  Business supplies                                           B54200                                463,888      10.89            376,175      11.38            368,379      10.94            352,765      10.88            265,359      11.07            248,882      11.04
 Materials                                                    B53000                              1,962,052      46.07          1,391,919      42.11          1,596,460      47.39          1,412,784      43.56            981,040      40.93            982,313      43.58
  Materials ex. energy materials                              Z53010                              1,114,265      26.17            872,362      26.39            895,665      26.59            879,988      27.13            723,255      30.17            754,440      33.47
   Durable goods materials                                    B53100                                672,377      15.79            540,917      16.36            550,239      16.33            552,248      17.03            459,728      19.18            496,107      22.01
    Consumer parts                                            B53110                                113,435       2.66            104,201       3.15             91,208       2.71             96,518       2.98             97,012       4.05             92,082       4.09
    Equipment parts                                           B53120                                196,914       4.62            163,012       4.93            187,411       5.56            188,706       5.82            163,771       6.83            198,081       8.79
    Other durable materials                                   B53130                                362,028       8.50            273,705       8.28            271,620       8.06            267,024       8.23            198,945       8.30            205,945       9.14
   Nondurable goods materials                                 B53200                                441,888      10.38            331,445      10.03            345,425      10.25            327,739      10.11            263,527      10.99            258,333      11.46
    Textile materials                                         B53210                                 12,346       0.29             12,216       0.37             12,976       0.39             16,780       0.52             19,685       0.82             23,884       1.06
    Paper materials                                           B53220                                 51,833       1.22             44,693       1.35             47,954       1.42             54,527       1.68             54,284       2.26             50,764       2.25
    Chemical materials                                        B53230                                232,489       5.46            171,115       5.18            182,533       5.42            161,496       4.98            105,144       4.39            109,529       4.86
  Energy materials                                            B53300                                847,787      19.91            519,557      15.72            700,795      20.80            532,796      16.43            257,785      10.75            227,873      10.11
 Manufacturing (SIC)                                          B00004                              3,118,129      73.22          2,553,694      77.25          2,447,971      72.67          2,521,800      77.76          2,012,470      83.96          1,921,241      85.24
  Manufacturing (NAICS)                                       GMF                                 3,044,993      71.50          2,478,366      74.98          2,365,964      70.23          2,405,105      74.16          1,901,547      79.33          1,825,083      80.97
   Durable manufacturing (NAICS)                              GMFD                                1,562,208      36.68          1,310,048      39.63          1,242,310      36.88          1,303,076      40.18          1,055,222      44.02          1,057,075      46.90
    Wood product                                              G321            321                    82,385       1.93             46,747       1.41             31,790       0.94             41,345       1.27             35,453       1.48             33,511       1.49
    Nonmetallic mineral product                               G327            327                    91,582       2.15             71,087       2.15             54,067       1.60             72,608       2.24             54,765       2.28             49,111       2.18
    Primary metal                                             G331            331                   124,133       2.91             85,422       2.58             86,881       2.58             89,697       2.77             57,168       2.38             69,285       3.07
    Fabricated metal product                                  G332            332                   248,765       5.84            189,119       5.72            180,394       5.35            184,775       5.70            138,715       5.79            132,993       5.90
    Machinery                                                 G333            333                   218,390       5.13            181,332       5.49            199,228       5.91            166,348       5.13            129,269       5.39            138,008       6.12
    Computer and electronic product                           G334            334                   195,848       4.60            176,133       5.33            200,201       5.94            238,241       7.35            200,289       8.36            252,644      11.21
    Electrical equipment, appliance, and component            G335            335                    81,180       1.91             60,921       1.84             60,377       1.79             61,975       1.91             52,922       2.21             56,598       2.51
    Motor vehicles and parts                                  G3361T3         3361-3                231,403       5.43            195,412       5.91            149,771       4.45            174,233       5.37            179,724       7.50            155,009       6.88
    Aerospace and miscellaneous transportation eq.            G3364T9         3364-9                139,494       3.28            170,506       5.16            147,797       4.39            131,686       4.06             85,909       3.58             73,369       3.26
    Furniture and related product                             G337            337                    48,313       1.13             40,080       1.21             35,589       1.06             46,870       1.45             43,320       1.81             35,537       1.58
    Miscellaneous                                             G339            339                   100,716       2.37             93,289       2.82             96,216       2.86             95,298       2.94             77,688       3.24             61,010       2.71
   Nondurable manufacturing (NAICS)                           GMFN                                1,482,785      34.82          1,168,317      35.34          1,123,654      33.35          1,102,029      33.98            846,325      35.31            768,008      34.07
    Food, beverage, and tobacco                               G311A2          311,2                 490,478      11.52            390,895      11.83            345,560      10.26            321,810       9.92            270,170      11.27            220,109       9.77
    Textiles and products                                     G313A4          313,4                  22,601       0.53             21,967       0.66             21,534       0.64             29,860       0.92             32,725       1.37             37,037       1.64
    Apparel and leather goods                                 G315A6          315,6                   8,190       0.19              7,637       0.23              8,820       0.26             14,385       0.44             23,034       0.96             38,792       1.72
    Paper                                                     G322            322                    98,531       2.31             83,976       2.54             83,973       2.49             81,827       2.52             75,589       3.15             70,516       3.13
    Printing and related support activities                   G323            323                    54,028       1.27             49,210       1.49             48,876       1.45             63,652       1.96             58,987       2.46             58,393       2.59
    Petroleum and coal products                               G324            324                   179,548       4.22            107,049       3.24            128,818       3.82            125,956       3.88             37,076       1.55             37,611       1.67
    Chemical                                                  G325            325                   478,336      11.23            391,282      11.84            386,153      11.46            365,290      11.26            256,229      10.69            224,685       9.97
    Plastics and rubber products                              G326            326                   151,073       3.55            116,303       3.52             99,920       2.97             99,248       3.06             92,514       3.86             80,866       3.59
  Other manufacturing                                         GMFO                                   73,136       1.72             75,328       2.28             82,007       2.43            116,694       3.60            110,923       4.63             96,158       4.27
 Mining                                                       G21             21                    681,568      16.01            385,902      11.67            608,210      18.05            417,953      12.89            152,846       6.38            131,107       5.82
 Electric and gas utilities                                   G2211A2         2211,2                458,759      10.77            365,980      11.07            312,630       9.28            303,358       9.35            231,700       9.67            201,595       8.94
  Electric Utilities                                          G2211           2211                  388,367       9.12            313,606       9.49            276,589       8.21            265,551       8.19            202,025       8.43            172,405       7.65
  Natural gas distribution                                    G2212           2212                   70,392       1.65             52,375       1.58             36,040       1.07             37,807       1.17             29,676       1.24             29,190       1.30



